
100 1.9e-05
600 0.000606
1100 0.001887
1600 0.003348
2100 0.005734
2600 0.008633
3100 0.012639
3600 0.017262
4100 0.022485
4600 0.026601
5100 0.03312
5600 0.038509
6100 0.046178
6600 0.053244
7100 0.061831
7600 0.073713
8100 0.083432
8600 0.092732
9100 0.102669
9600 0.11291
10100 0.125374
10600 0.147823
11100 0.15097
11600 0.167757
12100 0.178227
12600 0.196555
13100 0.215154
13600 0.22404
14100 0.239479
14600 0.26099
15100 0.273952
15600 0.293073
16100 0.317437
16600 0.332833
17100 0.359988
17600 0.371579
18100 0.402497
18600 0.425548
19100 0.437977
19600 0.462206
20100 0.483608
20600 0.507692
21100 0.53217
21600 0.560914
22100 0.587063
22600 0.612934
23100 0.640028
23600 0.666083
24100 0.696585
24600 0.734038
25100 0.890281
25600 0.791293
26100 0.825138
26600 0.859325
27100 0.879446
27600 0.91921
28100 0.944524
28600 0.983654
29100 1.01483
29600 1.06289
