100 2.9e-05
600 0.00152
1100 0.003558
1600 0.007572
2100 0.013688
2600 0.019374
3100 0.027756
3600 0.037925
4100 0.049489
4600 0.060878
5100 0.076283
5600 0.090401
6100 0.108944
6600 0.125228
7100 0.14343
7600 0.165038
8100 0.189843
8600 0.212359
9100 0.237933
9600 0.265008
10100 0.291738
10600 0.321549
11100 0.348506
11600 0.386436
12100 0.415175
12600 0.451077
13100 0.488932
13600 0.53692
14100 0.565554
14600 0.611343
15100 0.656602
15600 0.70772
16100 0.74543
16600 0.784699
17100 0.85916
17600 1.05986
18100 0.986025
18600 1.02943
19100 1.06959
19600 1.16552
20100 1.30841
20600 1.33576
21100 1.34163
21600 1.34952
22100 1.42264
22600 1.542
23100 1.7459
23600 2.21145
24100 2.61568
24600 1.90317
25100 1.81743
25600 1.86781
26100 1.99795
26600 2.36393
27100 2.32672
27600 2.9951
28100 2.73051
28600 2.71478
29100 2.52118
29600 3.13593
