100 1.6e-05
600 0.000433
1100 0.001642
1600 0.003757
2100 0.005948
2600 0.009248
3100 0.013437
3600 0.018243
4100 0.024813
4600 0.028393
5100 0.034118
5600 0.042772
6100 0.050659
6600 0.058528
7100 0.066732
7600 0.075734
8100 0.085007
8600 0.096621
9100 0.107881
9600 0.124288
10100 0.1369
10600 0.150637
11100 0.164022
11600 0.180719
12100 0.193801
12600 0.206362
13100 0.235911
13600 0.248054
14100 0.261401
14600 0.279544
15100 0.302089
15600 0.323639
16100 0.369474
16600 0.364432
17100 0.396657
17600 0.466267
18100 0.495857
18600 0.513745
19100 0.500577
19600 0.525137
20100 0.687216
20600 0.648012
21100 0.656643
21600 0.63105
22100 0.655868
22600 0.685311
23100 0.787924
23600 0.912273
24100 1.18572
24600 1.14632
25100 0.96279
25600 0.935215
26100 0.910512
26600 0.955061
27100 1.13611
27600 1.23904
28100 1.13073
28600 1.11757
29100 1.61918
29600 1.1859
