
100 3.28983e-08
400 4.49247e-08
700 5.18171e-08
1000 5.23866e-08
1300 5.84412e-08
1600 5.818e-08
1900 5.84512e-08
2200 6.48027e-08
2500 6.38735e-08
2800 6.41955e-08
3100 6.47125e-08
3400 6.53743e-08
3700 6.48227e-08
4000 6.47367e-08
4300 8.91827e-08
4600 8.81517e-08
4900 8.91738e-08
5200 8.88461e-08
5500 8.76144e-08
5800 8.82209e-08
6100 8.82231e-08
6400 8.90774e-08
6700 8.89725e-08
7000 8.84815e-08
7300 8.83716e-08
7600 8.86352e-08
7900 8.7895e-08
8200 7.84086e-08
8500 8.06927e-08
8800 8.1344e-08
9100 8.70401e-08
9400 8.41412e-08
9700 8.17785e-08
10000 8.23331e-08
10300 8.68936e-08
10600 8.49068e-08
10900 8.60799e-08
11200 8.12452e-08
11500 8.5188e-08
11800 7.94163e-08
12100 8.15005e-08
12400 8.55289e-08
12700 8.26457e-08
13000 8.24857e-08
13300 8.59094e-08
13600 7.8056e-08
13900 8.53567e-08
14200 9.04014e-08
14500 8.65267e-08
14800 8.37412e-08
15100 7.79767e-08
15400 8.12162e-08
15700 8.27667e-08
16000 8.60132e-08
16300 8.62495e-08
16600 9.58421e-08
16900 9.40284e-08
17200 9.65797e-08
17500 9.66915e-08
17800 9.58626e-08
18100 9.69907e-08
18400 9.65821e-08
18700 9.65569e-08
19000 9.72455e-08
19300 9.71476e-08
19600 9.54673e-08
19900 9.05299e-08
20200 9.2928e-08
20500 9.06132e-08
20800 9.30937e-08
21100 9.41809e-08
21400 9.32548e-08
21700 9.61736e-08
22000 9.44665e-08
22300 9.42871e-08
22600 9.43667e-08
22900 9.77729e-08
23200 9.47369e-08
23500 9.3279e-08
23800 9.57254e-08
24100 9.14571e-08
24400 9.54381e-08
24700 9.56871e-08
25000 9.52485e-08
25300 9.7197e-08
25600 9.2135e-08
25900 9.23244e-08
26200 9.18537e-08
26500 9.4607e-08
26800 8.66182e-08
27100 9.64318e-08
27400 9.39974e-08
27700 9.72537e-08
28000 8.92679e-08
28300 9.11331e-08
28600 9.50759e-08
28900 9.53006e-08
29200 9.34721e-08
29500 9.5703e-08
29800 9.61427e-08
