100 1e-06
600 2e-06
1100 4e-06
1600 5e-06
2100 8e-06
2600 8e-06
3100 9e-06
3600 1.2e-05
4100 1.1e-05
4600 2e-05
5100 1.4e-05
5600 1.8e-05
6100 2.1e-05
6600 2.4e-05
7100 2.2e-05
7600 2e-05
8100 2.3e-05
8600 2.6e-05
9100 2.7e-05
9600 2.6e-05
10100 3.2e-05
10600 3.1e-05
11100 3.5e-05
11600 4.2e-05
12100 3.2e-05
12600 4e-05
13100 4.2e-05
13600 4.5e-05
14100 5.1e-05
14600 4e-05
15100 4.7e-05
15600 5.4e-05
16100 4.3e-05
16600 5.7e-05
17100 4.2e-05
17600 5.3e-05
18100 5.3e-05
18600 5.5e-05
19100 6.2e-05
19600 5.3e-05
20100 5.2e-05
20600 7.4e-05
21100 5.4e-05
21600 7.8e-05
22100 8.2e-05
22600 8.4e-05
23100 6.3e-05
23600 6.6e-05
24100 8.9e-05
24600 6.6e-05
25100 6.7e-05
25600 7.2e-05
26100 8.7e-05
26600 0.000127
27100 7.7e-05
27600 9e-05
28100 7.2e-05
28600 0.000127
29100 0.000121
29600 7.6e-05
