100 2.8e-05
600 0.001373
1100 0.003411
1600 0.007266
2100 0.014598
2600 0.019638
3100 0.027625
3600 0.037819
4100 0.05215
4600 0.064539
5100 0.076657
5600 0.089489
6100 0.108739
6600 0.124559
7100 0.148677
7600 0.167947
8100 0.186632
8600 0.212242
9100 0.232781
9600 0.2655
10100 0.294346
10600 0.324871
11100 0.351963
11600 0.387349
12100 0.423783
12600 0.461235
13100 0.485573
13600 0.528288
14100 0.570056
14600 0.606983
15100 0.654602
15600 0.712926
16100 0.751207
16600 0.795092
17100 0.834337
17600 0.887903
18100 0.933414
18600 0.996803
19100 1.0358
19600 1.10359
20100 1.16808
20600 1.19334
21100 1.2705
21600 1.35737
22100 1.39625
22600 1.52542
23100 1.53239
23600 1.61956
24100 1.64752
24600 1.71322
25100 1.84803
25600 1.88237
26100 1.95541
26600 2.04553
27100 2.12385
27600 2.19598
28100 2.2419
28600 2.34706
29100 2.39673
29600 2.51979
